0:
0:
13:0.758 0.062 0.065 0.898 0.07 0.966 0.096 0.066 0.06 0.055 0.102 0.071 1.111 
98:0.065 0.069 0.086 0.098 0.063 0.06 0.067 1.261 0.063 0.093 0.064 0.068 0.075 0.09 0.062 0.102 0.066 1.397 0.055 0.059 0.064 0.058 0.057 0.069 0.089 0.066 0.068 0.065 0.058 1.529 0.068 0.073 0.072 0.093 0.068 0.062 0.061 0.072 0.069 0.068 0.058 0.055 0.069 0.098 1.687 0.073 0.074 0.061 0.071 0.075 0.071 0.066 0.065 0.06 0.063 0.106 0.076 0.075 0.06 1.811 0.066 0.07 0.058 0.062 0.053 0.07 0.099 0.08 0.082 0.076 0.084 0.107 0.113 0.11 0.107 0.119 0.094 0.1 0.101 0.061 0.065 2.001 0.068 0.062 0.061 0.066 0.068 0.063 0.063 0.071 0.074 0.09 0.073 0.063 0.062 0.064 0.065 0.063 
113:0.1 0.108 0.103 0.091 0.09 0.123 0.073 0.092 0.086 0.094 0.072 0.074 0.075 0.053 0.066 0.07 0.065 0.07 0.065 0.097 0.059 0.072 0.076 0.078 0.069 0.07 0.062 0.064 0.061 0.063 0.064 0.091 0.059 0.065 0.071 0.071 0.08 0.068 0.054 0.084 0.067 0.058 0.07 0.07 0.09 0.066 0.074 0.11 0.076 0.094 0.083 0.097 0.098 0.084 0.078 0.079 0.082 0.073 0.098 0.071 0.062 0.066 0.066 0.068 0.058 0.065 0.055 0.069 0.065 0.059 0.078 0.086 0.084 0.082 0.102 0.072 0.078 0.091 0.093 0.098 0.084 0.09 0.091 0.105 0.104 0.094 0.111 0.11 0.145 0.124 0.12 0.116 0.113 0.113 0.119 0.121 0.062 0.129 0.068 0.067 0.068 0.061 0.067 0.061 0.064 0.069 0.065 0.069 0.068 0.072 0.072 0.11 0.095 
125:0.23 0.208 0.229 0.196 0.228 0.236 0.202 0.184 0.093 0.098 0.262 0.099 0.101 0.102 0.079 0.09 0.09 0.096 0.069 0.068 0.057 0.064 0.069 0.076 0.061 0.093 0.074 0.078 0.07 0.071 0.067 0.071 0.065 0.063 0.071 0.057 0.066 0.089 0.06 0.06 0.057 0.065 0.062 0.064 0.064 0.072 0.055 0.072 0.057 0.065 0.06 0.061 0.092 0.061 0.072 0.07 0.066 0.06 0.07 0.071 0.075 0.081 0.07 0.06 0.073 0.063 0.06 0.098 0.077 0.083 0.078 0.072 0.066 0.076 0.066 0.074 0.076 0.075 0.097 0.102 0.111 0.103 0.102 0.1 0.101 0.115 0.123 0.147 0.094 0.097 0.149 0.094 0.096 0.099 0.099 0.079 0.08 0.066 0.07 0.07 0.071 0.072 0.067 0.064 0.067 0.093 0.067 0.064 0.06 0.064 0.068 0.055 0.07 0.07 0.061 0.086 0.058 
164:0.061 0.063 0.06 0.067 0.069 0.07 0.058 0.067 0.081 0.098 0.066 0.068 0.071 0.065 0.067 0.069 0.086 0.067 0.067 0.061 0.065 0.094 0.065 0.069 0.073 0.08 0.079 0.086 0.081 0.073 0.074 0.069 0.101 0.081 0.079 0.075 0.08 0.072 0.07 0.061 0.064 0.071 0.061 0.062 0.068 0.067 0.071 0.069 0.067 0.055 0.093 0.07 0.068 0.079 0.071 0.072 0.057 0.063 0.084 0.076 0.068 0.1 0.06 0.066 0.058 0.068 0.069 0.07 0.072 0.07 0.065 0.059 0.066 0.067 0.068 0.095 0.071 0.067 0.072 0.065 0.064 0.058 0.066 0.069 0.075 0.077 0.065 0.059 0.056 0.069 0.074 0.1 0.068 0.07 0.071 0.077 0.073 0.064 0.069 0.07 0.07 0.094 0.068 0.068 0.059 0.073 0.08 0.091 0.083 0.079 0.08 0.087 0.094 0.082 0.114 0.09 0.077 0.073 0.083 0.091 0.131 0.08 0.076 0.08 0.068 0.071 0.084 0.085 0.069 0.06 0.109 0.076 0.075 0.066 0.07 0.071 0.077 0.07 0.088 0.063 0.068 0.102 0.069 0.083 0.067 0.06 0.077 0.08 0.069 0.078 0.07 0.063 0.064 0.063 0.097 0.08 0.071 0.079 0.073 0.077 
107:0.104 0.125 0.118 0.13 0.116 0.135 0.114 0.11 0.114 0.132 0.07 0.063 0.081 0.054 0.057 0.067 0.069 0.071 0.099 0.066 0.067 0.063 0.066 0.052 0.064 0.054 0.058 0.066 0.069 0.068 0.061 0.098 0.065 0.074 0.066 0.066 0.064 0.069 0.058 0.068 0.068 0.054 0.063 0.057 0.06 0.06 0.09 0.069 0.059 0.061 0.069 0.071 0.059 0.072 0.073 0.071 0.067 0.06 0.072 0.09 0.07 0.072 0.07 0.07 0.062 0.069 0.057 0.063 0.065 0.06 0.061 0.058 0.056 0.094 0.068 0.06 0.059 0.06 0.072 0.065 0.059 0.064 0.074 0.065 0.065 0.066 0.094 0.08 0.075 0.077 0.067 0.08 0.079 0.082 0.083 0.071 0.064 0.058 0.062 0.088 0.068 0.058 0.064 0.056 0.057 0.056 
147:0.061 0.06 0.063 0.074 0.061 0.087 0.073 0.06 0.067 0.06 0.057 0.064 0.056 0.066 0.053 0.06 0.069 0.06 0.063 0.069 0.056 0.1 0.064 0.052 0.058 0.125 0.084 0.082 0.106 0.061 0.108 0.08 0.109 0.088 0.056 0.062 0.063 0.064 0.064 0.072 0.077 0.077 0.077 0.092 0.054 0.059 0.061 0.062 0.065 0.062 0.061 0.064 0.064 0.053 0.058 0.057 0.057 0.061 0.086 0.065 0.062 0.06 0.063 0.061 0.059 0.061 0.06 0.06 0.058 0.058 0.059 0.062 0.084 0.053 0.059 0.061 0.061 0.071 0.061 0.058 0.068 0.065 0.057 0.055 0.055 0.058 0.09 0.057 0.058 0.074 0.064 0.076 0.072 0.063 0.063 0.06 0.061 0.053 0.089 0.063 0.061 0.063 0.065 0.056 0.055 0.068 0.057 0.061 0.069 0.068 0.062 0.085 0.062 0.07 0.06 0.059 0.05 0.058 0.066 0.066 0.056 0.056 0.057 0.051 0.058 0.071 0.086 0.066 0.058 0.059 0.076 0.077 
160:0.052 0.055 0.058 0.066 0.058 0.059 0.058 0.088 0.067 0.054 0.062 0.063 0.066 0.062 0.059 0.057 0.06 0.061 0.054 0.088 0.053 0.057 0.061 0.057 0.056 0.061 0.068 0.06 0.053 0.053 0.054 0.058 0.06 0.061 0.058 0.086 0.059 0.051 0.066 0.055 0.06 0.058 0.06 0.059 0.06 0.058 0.063 0.057 0.069 0.086 0.054 0.058 0.056 0.06 0.066 0.052 0.067 0.058 0.064 0.068 0.062 0.062 0.084 0.056 0.063 0.072 0.056 0.06 0.055 0.059 0.056 0.056 0.051 0.061 0.06 0.058 0.084 0.058 0.07 0.061 0.051 0.062 0.061 0.059 0.06 0.054 0.059 0.058 0.065 0.065 0.079 0.103 0.063 0.069 0.072 0.052 0.059 0.06 0.058 0.065 0.065 0.057 0.07 0.063 0.06 0.068 0.061 0.094 0.066 0.064 0.062 0.054 0.078 0.06 0.061 0.068 0.063 0.092 0.068 0.057 0.064 0.058 0.057 0.067 0.059 0.064 0.067 0.057 0.058 0.05 0.056 0.057 0.063 0.089 0.06 0.06 0.061 0.064 0.063 0.066 0.062 0.065 0.068 0.064 0.067 0.055 0.056 0.089 0.058 0.063 0.058 0.065 0.06 0.064 0.066 0.059 0.058 0.064 
83:0.061 0.065 0.089 0.061 0.062 0.06 0.06 0.056 0.055 0.056 0.057 0.055 0.069 0.074 0.062 0.054 0.06 0.059 0.073 0.092 0.055 0.067 0.052 0.069 0.057 0.056 0.069 0.067 0.062 0.072 0.064 0.086 0.051 0.056 0.058 0.06 0.06 0.064 0.054 0.057 0.057 0.051 0.086 0.059 0.065 0.061 0.062 0.06 0.075 0.054 0.061 0.054 0.057 0.066 0.068 0.058 0.058 0.058 0.058 0.068 0.093 0.06 0.058 0.058 0.062 0.064 0.055 0.056 0.063 0.057 0.062 0.087 0.057 0.058 0.065 0.065 0.067 0.064 0.063 0.059 0.057 0.085 
0:
0:
